MODE eq retireA
124,286,369 * 1,250,149,543
MODE plusZero eq retireA
146650838788472839
164383762321309703
144117563998208007
173390961576181767
146650838788734983
164665237298282503
162131962507952135
150872963439591431
144117563998601223
173390961576574983
146650838789128199
164946712275386375
148621163626233863
171139161763151879
145243463905837063
158191312834592775
146087888836100103
189997985203027975
151435913393733639
171139161763545095
175642761390981127
164102287345909767
198160759527964679
163820812369330183
144961988929781767
164383762322882567
144117563999780871
173390961577754631
144961988930043911
164665237299855367
162131962509524999
150872963441164295
144680513953595399
173390961578147847
144961988930437127
189997985204207623
151435913394913287
171139161764724743
175642761392160775
164102287347089415
150872963441754119
182398160833413127
148621163628199943
144680513954316295
144117564000960519
157346887906426887
148902638605172743
144117564001157127
144117564001222663
144117564001288199
144117564001353735
144117564001419271
